CG11_10mer: 1.986115993000567
CG11_15mer: 2.5527006390038878
CG11_20mer: 3.1796868170058588
CG11_5mer: 1.430970335000893
CG21_10mer: 2.510969729992212
CG21_15mer: 3.364710549998563
CG21_20mer: 4.066685313009657
CG21_5mer: 1.6364227500016568
CG31_10mer: 2.806684139999561
CG31_15mer: 3.4885721530008595
CG31_20mer: 4.505975007006782
CG31_5mer: 1.627338232996408
